#4 voltage traces with current injection at #9nA intervals starting at #9
first column is time in ms

200 5
 0.05     -46.3    -47.1    -46.6    -48.2   
 0.55     -48.8    -46.8    -48      -48.4   
 1.05     -48.8    -46.8    -47.9    -48.3   
 1.55     -48.8    -47      -48      -48.3   
 2.05     -48.7    -47.1    -48      -48.3   
 2.55     -48.6    -47.2    -48      -48.2   
 3.05     -48.7    -47.2    -48      -48.1   
 3.55     -48.6    -47.2    -48      -48.1   
 4.05     -48.5    -47.2    -47.9    -48.2   
 4.55     -48.5    -47.2    -47.9    -48.1   
 5.05     -48.4    -47.3    -47.9    -48.2   
 5.55     -48.4    -47.3    -47.9    -48.2   
 6.05     -48.4    -47.3    -47.8    -48.2   
 6.55     -48.3    -47.3    -47.8    -48.1   
 7.05     -48.3    -47.3    -47.8    -48.2   
 7.55     -48.2    -47.4    -47.8    -48.2   
 8.05     -48.2    -47.4    -47.9    -48.1   
 8.55     -48.2    -47.5    -47.8    -48.2   
 9.05     -48.2    -47.5    -47.8    -48.2   
 9.55     -48.2    -47.5    -47.8    -48.2   
 10.1     -48.2    -47.5    -47.8    -48.2   
 10.6     -48.2    -47.5    -47.9    -48.3   
 11.1     -48.2    -47.5    -47.9    -48.3   
 11.6     -48.2    -47.6    -48      -48.3   
 12.1     -48.2    -47.5    -48      -48.3   
 12.6     -48.1    -47.4    -48      -48.3   
 13.1     -48.1    -47.5    -48.1    -48.2   
 13.6     -48.2    -47.5    -48.2    -48.2   
 14.1     -48.2    -47.4    -48.3    -48.2   
 14.6     -48.2    -47.6    -48.3    -48     
 15.1     -48.1    -47.6    -48.4    -48.1   
 15.6     -48.4    -48.2    -49.4    -49.3   
 16.1     -48.8    -49.5    -51.3    -51.8   
 16.6     -49.3    -50.7    -53      -54     
 17.1     -49.7    -51.7    -54.4    -55.9   
 17.6     -50      -52.7    -55.7    -57.7   
 18.1     -50.4    -53.6    -57.1    -59.2   
 18.6     -50.6    -54.5    -58.2    -60.9   
 19.1     -51      -55.2    -59.3    -62.2   
 19.6     -51.2    -56      -60.4    -63.6   
 20.1     -51.5    -56.8    -61.4    -64.9   
 20.6     -51.7    -57.4    -62.3    -66.1   
 21.1     -51.9    -58      -63.2    -67.2   
 21.6     -52.1    -58.7    -64      -68.4   
 22.1     -52.4    -59.2    -64.8    -69.6   
 22.6     -52.6    -59.8    -65.6    -70.6   
 23.1     -52.7    -60.2    -66.3    -71.5   
 23.6     -53      -60.7    -67      -72.5   
 24.1     -53.1    -61.1    -67.7    -73.4   
 24.6     -53.2    -61.6    -68.4    -74.4   
 25.1     -53.4    -62      -68.9    -75.2   
 25.6     -53.6    -62.4    -69.6    -76.1   
 26.1     -53.8    -62.8    -70.2    -76.9   
 26.6     -54      -63.1    -70.7    -77.7   
 27.1     -54.2    -63.6    -71.3    -78.4   
 27.6     -54.3    -64      -71.9    -79.1   
 28.1     -54.6    -64.4    -72.4    -79.7   
 28.6     -54.8    -64.8    -72.8    -80.3   
 29.1     -54.9    -65.1    -73.4    -81     
 29.6     -55.2    -65.4    -73.9    -81.6   
 30.1     -55.4    -65.8    -74.3    -82.1   
 30.6     -55.6    -66.1    -74.8    -82.7   
 31.1     -55.7    -66.4    -75.3    -83.2   
 31.6     -55.9    -66.7    -75.7    -83.6   
 32       -56      -66.9    -76.1    -84.1   
 32.5     -56.1    -67.2    -76.5    -84.6   
 33       -56.2    -67.5    -76.9    -85     
 33.5     -56.3    -67.8    -77.3    -85.5   
 34       -56.4    -68      -77.5    -86     
 34.5     -56.6    -68.3    -77.9    -86.3   
 35       -56.6    -68.6    -78.3    -86.8   
 35.5     -56.7    -68.8    -78.6    -87.2   
 36       -56.8    -69      -78.9    -87.6   
 36.5     -56.9    -69.1    -79.2    -88     
 37       -56.9    -69.4    -79.4    -88.3   
 37.5     -57      -69.6    -79.7    -88.7   
 38       -57      -69.9    -79.9    -89.1   
 38.5     -57.1    -70.1    -80.2    -89.5   
 39       -57.1    -70.1    -80.4    -89.8   
 39.5     -57.1    -70.2    -80.7    -90.3   
 40       -57.2    -70.4    -80.9    -90.6   
 40.5     -57.2    -70.6    -81.1    -91     
 41       -57.3    -70.7    -81.3    -91.3   
 41.5     -57.4    -70.8    -81.5    -91.7   
 42       -57.4    -71      -81.7    -92     
 42.5     -57.5    -71      -81.9    -92.3   
 43       -57.6    -71.2    -82.2    -92.6   
 43.5     -57.8    -71.3    -82.4    -93     
 44       -57.9    -71.4    -82.6    -93.2   
 44.5     -57.8    -71.5    -82.9    -93.5   
 45       -57.9    -71.5    -83      -93.8   
 45.5     -58      -71.8    -83.3    -94.1   
 46       -58.1    -71.9    -83.5    -94.3   
 46.5     -58.2    -72      -83.7    -94.5   
 47       -58.2    -72.1    -83.9    -94.7   
 47.5     -58.3    -72.3    -84.1    -95     
 48       -58.3    -72.4    -84.3    -95.1   
 48.5     -58.4    -72.5    -84.4    -95.3   
 49       -58.6    -72.5    -84.6    -95.6   
 49.5     -58.6    -72.7    -84.8    -95.8   
 50       -58.8    -72.8    -85.1    -95.9   
 50.5     -58.9    -73      -85.1    -96.1   
 51       -58.9    -73      -85.3    -96.2   
 51.5     -59.1    -73.1    -85.5    -96.4   
 52       -59.1    -73.2    -85.6    -96.7   
 52.5     -59.2    -73.4    -85.8    -96.8   
 53       -59.2    -73.5    -85.9    -97     
 53.5     -59.3    -73.6    -85.9    -97.2   
 54       -59.2    -73.7    -86      -97.3   
 54.5     -59.2    -73.8    -86.1    -97.5   
 55       -59.3    -73.8    -86.2    -97.7   
 55.5     -56.2    -70.9    -83.2    -95     
 56       -59.2    -73.8    -86.4    -98.1   
 56.5     -59.3    -74.1    -86.5    -98.3   
 57       -59.4    -74.2    -86.7    -98.5   
 57.5     -59.3    -74.2    -86.6    -98.3   
 58       -57.4    -72.6    -84.4    -96.2   
 58.5     -53.1    -69.1    -79      -91.7   
 59       -48.5    -65.5    -73.5    -87     
 59.5     -45.1    -62.8    -70      -83.8   
 60       -43      -61.3    -67.8    -82     
 60.5     -42.3    -60.7    -66.6    -81.2   
 61       -43.3    -60.4    -66.2    -80.6   
 61.5     -45.5    -60.9    -66.4    -80.4   
 62       -47.5    -61.9    -67.3    -80.6   
 62.5     -49      -63      -68.5    -80.7   
 63       -49.9    -63.7    -69.4    -81.1   
 63.5     -50.7    -64.2    -70.1    -81.4   
 64       -51.3    -64.6    -70.5    -81.5   
 64.5     -51.8    -65      -70.7    -81.7   
 65       -52.2    -65.1    -70.9    -81.8   
 65.5     -52.6    -65.2    -71.1    -82     
 66       -52.9    -65.6    -71.5    -82.3   
 66.5     -53.3    -65.8    -71.8    -82.4   
 67       -53.6    -66.1    -72.1    -82.6   
 67.5     -54.1    -66.3    -72.5    -82.9   
 68       -54.4    -66.6    -72.9    -83.1   
 68.5     -54.6    -66.9    -73.1    -83.4   
 69       -54.8    -67.1    -73.4    -83.5   
 69.5     -55.1    -67.3    -73.7    -83.8   
 70       -55.6    -67.5    -73.9    -83.9   
 70.5     -56.3    -67.7    -74      -84     
 71       -56.7    -68.1    -74.2    -84.2   
 71.5     -57      -68.3    -74.2    -84.4   
 72       -57.2    -68.4    -74.4    -84.6   
 72.5     -57.3    -68.5    -74.5    -84.8   
 73       -57.4    -68.6    -74.6    -84.8   
 73.5     -57.4    -68.8    -74.8    -85     
 74       -57.6    -69      -75      -85.2   
 74.5     -57.9    -69.1    -75.1    -85.3   
 75       -58      -69.1    -75.3    -85.4   
 75.5     -58.3    -69.1    -75.5    -85.6   
 76       -58.7    -69.3    -75.5    -85.6   
 76.5     -59.1    -69.3    -75.6    -85.8   
 77       -59.3    -69.5    -75.7    -85.9   
 77.5     -59.6    -69.6    -75.9    -86     
 78       -59.9    -69.7    -76      -86.3   
 78.5     -60      -69.8    -76.1    -86.4   
 79       -60.2    -69.9    -76.3    -86.5   
 79.5     -60.2    -70      -76.4    -86.5   
 80       -60.3    -70.2    -76.6    -86.7   
 80.5     -60.4    -70.2    -76.7    -86.8   
 81       -60.4    -70.3    -76.9    -86.8   
 81.5     -60.6    -70.3    -77.1    -86.8   
 82       -60.8    -70.3    -77.2    -86.9   
 82.5     -61.1    -70.3    -77.3    -87     
 83       -61.2    -70.4    -77.4    -87     
 83.5     -61.4    -70.6    -77.6    -87     
 84       -61.5    -70.7    -77.7    -87     
 84.5     -61.7    -70.8    -77.8    -87.2   
 85       -61.7    -70.8    -77.9    -87.2   
 85.5     -61.9    -70.8    -77.8    -87.2   
 86       -61.8    -70.8    -77.9    -87.2   
 86.5     -61.7    -70.9    -77.8    -87.3   
 87       -61.6    -71      -77.8    -87.4   
 87.5     -61.5    -71      -77.8    -87.5   
 88       -61.3    -71.1    -77.9    -87.5   
 88.5     -61.3    -71.1    -77.8    -87.6   
 89       -61.3    -71.1    -77.9    -87.8   
 89.5     -61.2    -71      -77.9    -87.7   
 90       -61.3    -71      -78      -87.9   
 90.5     -61.3    -71      -78.1    -87.9   
 91       -61.3    -70.8    -78.2    -88     
 91.5     -61.4    -70.9    -78.3    -88.1   
 92       -61.3    -70.7    -78.3    -88.2   
 92.5     -61.4    -70.8    -78.5    -88.3   
 93       -61.3    -70.9    -78.6    -88.4   
 93.5     -61.3    -70.9    -78.7    -88.4   
 94       -61.3    -70.9    -78.7    -88.6   
 94.5     -61.3    -71      -78.8    -88.6   
 95       -61.2    -71.1    -78.8    -88.7   
 95.5     -61.1    -71      -78.9    -88.8   
 96       -61.1    -71      -79      -88.8   
 96.5     -61.2    -71      -79      -88.7   
 97       -61.3    -71      -79      -88.8   
 97.5     -61.3    -71.1    -79.2    -88.8   
 98       -61.3    -71.1    -79.1    -88.8   
 98.5     -61.5    -71      -79.2    -88.8   
 99       -61.4    -71.1    -79.2    -88.9   
 99.5     -61.4    -71.2    -79.2    -88.9   
